[app/ui]
version = 6.0
modtime = 1385450064.206935000

[app/launcher]
version = 6.0
modtime = 1385450064.208639000

[app/package/check_for_updates]
version = 6.0
modtime = 1385450064.210287000
